datapath/train/tr23-19-11-4-SIDE_LEFT.jpg 427,31,435,40,0 528,47,562,76,0 548,55,590,88,0 446,30,452,42,0 458,30,468,47,0 380,16,395,37,0 520,35,525,53,1 452,33,459,45,0 442,30,452,41,0 653,74,739,138,0 610,66,671,116,0 379,26,385,39,1 399,36,404,55,1 477,39,497,55,0 394,30,406,48,0 490,42,519,61,0 513,37,522,50,1 577,63,625,101,0 385,31,388,43,1 372,35,379,53,1 450,81,561,181,0 423,80,436,110,0 402,39,409,52,0 449,31,459,43,0 712,96,800,165,0 438,62,513,134,0 462,32,483,48,0 369,37,377,54,1 
datapath/train/tr11-25-8-2-FRONT_LEFT.jpg 735,282,800,383,0 422,322,800,517,0 
datapath/train/tr25-19-7-5-SIDE_RIGHT.jpg 79,128,96,158,1 42,129,75,202,1 190,144,213,229,1 264,147,303,193,1 41,136,72,223,1 156,129,166,147,1 220,139,238,159,1 45,128,58,143,1 75,141,100,228,1 321,135,357,210,1 150,127,178,228,1 527,320,800,369,0 66,126,86,185,1 89,130,128,234,1 540,158,579,223,1 647,132,674,208,1 0,137,20,222,1 285,163,320,230,1 
datapath/train/tr29-13-3-1-FRONT.jpg 692,255,707,292,1 471,250,488,256,0 289,244,297,276,1 235,249,250,288,1 558,253,567,274,1 110,258,125,305,1 421,248,432,256,0 668,252,690,282,1 665,266,684,306,1 275,247,287,272,1 321,246,332,265,1 308,250,317,274,1 506,211,576,280,0 575,253,590,271,1 516,300,725,438,0 341,250,354,291,1 124,258,146,322,1 798,297,800,305,1 560,251,571,273,1 457,239,475,252,0 449,251,468,257,0 762,275,779,312,1 580,254,585,263,1 725,317,800,414,0 208,258,225,305,1 710,262,727,295,1 345,252,376,277,0 417,245,432,257,0 35,280,81,399,1 489,253,525,282,0 504,250,512,254,0 250,250,261,287,1 82,258,100,290,1 717,264,738,296,1 741,262,761,300,1 27,256,35,281,1 334,250,351,278,1 477,246,481,252,1 396,236,420,258,0 475,252,491,258,0 196,250,222,310,1 354,248,381,271,0 446,245,468,254,0 505,268,622,350,0 463,257,498,289,0 0,268,17,362,1 435,248,448,253,0 329,248,335,264,1 360,252,372,283,1 183,254,206,314,1 388,249,420,275,0 368,236,390,263,0 789,500,799,533,0 8,275,18,290,0 468,250,477,256,0 431,247,448,252,0 133,263,177,368,1 408,250,471,292,0 47,244,204,300,0 672,294,785,365,0 281,247,298,281,1 461,253,476,259,0 388,246,395,258,0 425,248,433,250,0 261,246,273,284,1 
datapath/train/tr07-12-14-5-SIDE_RIGHT.jpg 0,77,199,146,0 76,70,214,130,0 45,46,88,53,0 215,52,240,70,0 0,49,60,85,0 47,49,83,78,0 75,45,252,100,0 241,55,266,75,0 0,61,23,88,0 
datapath/train/tr28-17-13-5-SIDE_RIGHT.jpg 0,223,419,369,0 360,116,386,165,1 66,138,97,234,1 305,112,324,152,1 267,207,760,369,0 624,131,682,251,1 575,135,611,240,1 318,120,322,131,1 118,205,229,237,1 30,132,87,227,1 515,131,552,226,1 407,142,440,210,1 
datapath/train/tr16-20-3-4-SIDE_LEFT.jpg 500,120,800,339,0 
datapath/train/tr27-25-3-1-FRONT.jpg 380,254,385,265,1 348,258,364,279,0 746,253,772,317,1 533,256,544,286,1 482,255,485,261,1 589,256,606,270,1 363,268,409,303,0 722,255,748,314,1 627,257,648,278,1 392,252,396,258,0 430,256,438,271,1 522,257,530,285,1 477,265,524,301,0 488,252,493,261,1 200,266,209,277,1 568,252,580,272,1 324,258,332,269,1 458,254,468,275,1 414,255,428,263,0 368,262,396,273,0 545,268,668,347,0 681,258,705,301,1 451,255,455,261,1 45,271,58,317,1 383,256,386,264,1 507,253,514,263,1 580,250,595,269,1 413,257,422,272,1 781,276,799,354,1 293,262,335,299,0 189,275,208,299,0 718,248,748,322,1 551,256,565,280,1 514,255,531,292,1 210,261,219,272,1 460,254,464,259,1 457,255,464,275,1 465,255,472,271,1 326,258,358,285,0 491,252,497,263,1 177,260,304,362,0 748,254,773,315,1 450,254,458,273,1 628,355,800,533,0 385,261,407,279,0 218,259,226,269,1 468,260,503,293,0 142,275,160,317,1 521,255,532,285,1 0,275,16,322,1 769,283,792,357,1 559,254,565,275,1 373,253,382,259,0 506,259,517,270,1 413,253,424,259,0 565,297,750,433,0 540,253,552,274,1 287,259,292,268,1 613,254,628,271,1 
datapath/train/tr29-9-1-1-FRONT.jpg 360,266,365,270,0 351,266,358,270,0 298,266,312,278,0 222,272,252,291,0 343,267,348,270,0 391,265,398,270,0 88,263,100,267,0 205,265,218,270,0 
datapath/train/tr25-24-10-2-FRONT_LEFT.jpg 738,265,772,358,1 628,285,662,333,1 659,271,706,394,1 567,287,627,352,1 
datapath/train/tr10-19-10-1-FRONT.jpg 232,280,238,287,0 323,275,330,280,0 389,277,398,283,0 238,280,258,287,0 227,279,232,281,0 78,285,114,300,0 153,279,172,292,0 418,277,423,282,0 127,282,151,298,0 402,265,413,281,0 328,279,347,292,0 60,282,92,302,0 327,280,332,282,0 110,283,130,297,0 362,274,365,277,0 374,276,377,280,0 374,276,390,289,0 376,272,379,275,0 257,278,263,284,0 391,265,400,280,0 341,276,345,278,0 392,278,396,283,0 415,277,419,281,0 0,293,7,306,0 212,278,236,289,0 417,274,422,277,0 318,279,324,282,0 300,270,312,277,0 366,274,368,277,0 291,279,294,282,0 433,276,457,296,0 303,280,310,282,0 145,279,169,295,0 419,276,427,284,0 178,282,202,290,0 350,274,357,280,0 273,278,283,284,0 326,280,335,288,0 424,277,435,285,0 244,277,263,285,0 385,282,406,297,0 282,278,289,284,0 188,280,205,290,0 238,280,244,287,0 361,278,373,285,0 297,279,302,282,0 172,282,183,289,0 
datapath/train/tr01-20-2-2-FRONT_LEFT.jpg 744,297,772,308,0 770,292,800,308,0 766,295,786,308,0 672,297,715,311,0 
datapath/train/tr11-14-14-1-FRONT.jpg 450,255,488,282,0 432,254,455,272,0 317,255,326,271,0 320,253,335,268,0 276,260,306,280,0 491,266,569,317,0 330,255,336,267,0 427,252,441,267,0 337,255,345,265,0 334,252,348,265,0 0,305,40,369,0 363,255,394,264,0 294,247,324,274,0 200,266,245,300,0 11,288,119,355,0 419,251,437,261,0 332,255,343,267,0 88,266,178,330,0 430,250,449,269,0 389,252,394,262,1 
datapath/train/tr04-19-4-1-FRONT.jpg 298,270,343,300,0 371,257,387,271,0 579,260,587,273,1 5,273,22,321,1 0,275,15,330,1 380,265,416,289,0 585,258,600,269,1 323,258,342,278,0 356,259,380,277,0 418,255,430,264,0 340,262,352,280,0 253,329,475,529,0 347,263,355,276,0 554,260,561,272,1 296,265,315,276,0 417,258,420,263,0 499,255,506,274,1 414,256,420,262,0 475,256,482,274,1 419,257,431,265,0 102,269,114,300,1 435,262,469,276,0 363,285,452,353,0 162,270,169,298,1 287,260,294,270,1 388,255,397,260,0 589,263,592,270,1 175,265,187,300,1 355,256,369,265,0 169,265,178,299,1 91,270,111,300,1 592,263,599,270,1 318,301,446,372,0 383,257,389,265,0 107,265,123,300,1 375,260,377,266,0 556,259,567,273,1 429,272,489,319,0 520,260,529,276,1 273,258,280,270,1 146,265,159,303,1 113,270,125,309,1 437,254,445,267,3 354,262,379,280,0 305,261,323,270,0 771,273,799,302,1 282,259,288,267,1 0,295,125,362,0 558,268,695,355,0 528,272,580,305,0 469,284,565,352,0 395,256,404,260,0 514,258,524,278,1 480,275,493,285,0 528,258,535,276,1 254,268,307,294,0 548,259,558,273,1 708,290,800,430,0 718,280,752,333,1 542,259,552,274,1 154,261,191,282,0 443,268,479,275,0 586,257,594,270,1 406,255,409,260,0 395,250,407,264,0 508,276,542,286,0 569,262,577,274,1 69,270,87,298,1 192,258,255,308,0 143,268,155,299,1 320,261,328,268,0 450,259,466,264,0 605,261,613,270,1 391,259,408,266,0 320,265,325,269,0 
datapath/train/tr23-10-13-4-SIDE_LEFT.jpg 334,113,337,115,0 194,103,198,108,0 218,104,231,120,0 178,103,197,118,0 117,104,150,125,0 195,102,222,121,0 222,103,240,118,0 76,102,101,111,0 354,108,364,115,0 99,101,124,110,0 326,110,332,115,0 12,97,45,111,0 304,107,313,113,0 155,103,182,120,0 361,109,368,124,0 290,108,299,113,0 219,100,232,105,0 
datapath/train/tr23-2-20-2-FRONT_LEFT.jpg 783,354,800,415,0 
datapath/train/tr29-8-17-5-SIDE_RIGHT.jpg 495,189,546,300,1 44,179,90,305,1 443,186,502,298,1 457,228,529,369,0 634,232,743,369,0 0,193,12,305,1 260,234,324,369,0 13,185,58,298,1 
datapath/train/tr27-15-17-4-SIDE_LEFT.jpg 463,150,800,321,0 397,106,461,220,1 255,123,295,190,1 215,133,254,185,1 0,123,185,326,0 
datapath/train/tr25-6-8-2-FRONT_LEFT.jpg 732,295,798,344,0 794,301,800,328,0 136,267,403,415,0 697,297,711,336,1 
datapath/train/tr15-14-1-5-SIDE_RIGHT.jpg 0,0,800,369,0 
datapath/train/tr24-5-17-1-FRONT.jpg 430,255,453,278,0 402,250,407,260,1 192,294,433,375,0 423,255,437,268,0 280,258,313,283,0 328,252,342,265,0 438,260,463,284,0 465,275,508,310,0 372,265,411,296,0 480,285,546,329,0 390,240,413,249,0 416,252,430,265,0 423,258,435,272,0 444,263,480,295,0 313,255,332,273,0 452,266,491,298,0 369,249,389,260,0 330,255,355,274,0 418,255,426,266,0 
datapath/train/tr21-24-7-4-SIDE_LEFT.jpg 224,183,729,369,0 735,237,799,350,0 
datapath/train/tr09-18-18-1-FRONT.jpg 468,252,490,270,0 389,245,400,259,0 491,257,501,271,3 789,252,800,284,1 675,254,684,286,1 712,253,721,283,1 144,258,158,292,1 347,317,582,508,0 6,258,26,292,1 422,255,425,261,0 324,279,436,372,0 389,267,438,310,0 555,256,569,285,1 702,254,712,290,1 315,256,328,278,1 542,252,549,276,1 672,228,800,287,0 527,250,540,278,1 246,250,252,262,1 648,254,657,275,1 0,259,6,276,1 515,287,660,380,0 593,259,602,280,1 685,254,698,288,1 542,259,558,290,1 21,255,35,290,1 640,253,649,275,1 403,249,410,254,0 562,257,578,288,1 65,254,78,266,1 542,256,551,288,1 361,238,392,271,0 402,252,413,262,0 766,251,779,285,1 475,254,550,320,0 466,269,498,312,0 242,254,251,280,1 693,255,710,290,1 648,253,660,275,1 378,274,437,318,0 422,241,442,264,0 573,255,587,281,1 417,252,421,264,3 307,238,350,272,0 628,257,636,271,1 411,246,423,256,0 84,255,93,267,1 304,256,310,272,1 459,257,470,269,0 681,252,690,284,1 318,254,326,276,1 605,255,615,273,1 619,254,628,268,1 168,255,182,290,1 717,251,725,285,1 155,255,171,287,1 110,258,126,281,1 264,253,270,268,1 620,257,632,272,1 11,264,127,327,0 20,262,67,290,0 348,239,359,267,0 35,254,52,275,1 565,250,573,259,1 12,256,21,290,1 38,232,236,287,0 31,253,45,283,1 7,256,17,293,1 424,254,442,267,0 130,258,137,288,1 240,253,245,270,1 650,255,665,272,1 528,252,533,259,1 97,258,110,270,1 660,250,674,275,1 
datapath/train/tr11-25-5-4-SIDE_LEFT.jpg 606,152,800,320,0 
datapath/train/tr20-25-15-3-FRONT_RIGHT.jpg 74,190,198,234,0 0,198,52,238,0 0,302,541,533,0 
datapath/train/tr01-4-9-5-SIDE_RIGHT.jpg 417,75,430,86,0 436,66,470,95,0 428,75,440,92,0 
datapath/train/tr28-22-9-1-FRONT.jpg 416,278,438,286,0 226,288,240,313,1 207,290,224,329,3 380,280,382,282,0 608,227,722,282,0 388,275,394,280,0 168,292,184,328,3 552,282,590,320,0 374,275,381,283,0 358,280,366,287,0 
datapath/train/tr28-12-4-1-FRONT.jpg 10,296,88,335,0 792,337,800,348,0 
datapath/train/tr16-7-6-1-FRONT.jpg 360,277,363,280,0 388,277,393,280,0 482,280,487,298,1 486,282,492,299,1 323,278,338,283,0 370,277,372,280,0 382,279,393,288,0 492,282,499,299,1 378,276,380,279,0 364,277,371,282,0 377,278,383,284,0 353,278,361,284,0 384,276,387,278,0 351,277,357,282,0 371,278,376,280,0 
datapath/train/tr22-19-19-2-FRONT_LEFT.jpg 747,274,800,316,0 662,270,752,325,0 549,283,682,340,0 0,520,361,533,0 17,300,288,411,0 402,277,556,358,0 
datapath/train/tr04-4-16-1-FRONT.jpg 538,277,548,282,0 493,278,499,282,0 463,265,477,278,0 
datapath/train/tr15-7-16-1-FRONT.jpg 202,289,218,296,0 728,288,800,352,0 52,299,108,332,0 221,290,223,295,1 58,302,65,310,0 128,292,177,329,0 172,297,192,323,0 78,256,155,326,0 10,301,62,330,0 
datapath/train/tr30-2-6-1-FRONT.jpg 405,220,495,315,0 
datapath/train/tr13-4-8-4-SIDE_LEFT.jpg 48,131,113,320,1 
datapath/train/tr14-10-11-3-FRONT_RIGHT.jpg 0,292,29,341,0 
datapath/train/tr19-16-9-4-SIDE_LEFT.jpg 170,145,215,190,0 455,185,800,328,0 
datapath/train/tr12-8-15-5-SIDE_RIGHT.jpg 299,27,325,45,0 343,22,349,38,1 130,22,145,43,0 195,9,260,55,0 75,22,122,47,0 335,25,345,55,1 129,21,155,28,0 344,75,387,194,1 298,36,318,79,1 179,85,275,151,0 345,8,355,12,0 343,7,365,19,0 0,22,37,55,0 92,21,135,46,0 355,3,360,9,1 164,52,245,104,0 72,23,107,47,0 0,89,144,200,0 215,45,268,88,0 362,26,377,42,0 24,25,82,55,0 350,4,360,9,0 42,22,103,52,0 0,37,15,59,0 125,15,144,22,0 27,28,52,57,0 158,32,213,69,0 171,78,225,208,1 
datapath/train/tr08-22-2-1-FRONT.jpg 10,288,150,345,0 288,289,292,295,1 426,295,492,338,0 292,290,295,298,1 118,286,182,329,0 357,292,371,302,0 430,287,450,296,0 345,282,354,287,0 214,303,271,346,0 428,280,451,287,0 372,286,401,311,0 254,300,285,328,0 437,288,440,296,1 534,290,624,312,0 509,281,593,315,0 422,285,453,298,0 314,283,322,291,0 205,284,265,306,0 307,285,324,293,0 0,291,87,362,0 411,287,428,302,0 321,280,335,287,0 
datapath/train/tr14-9-5-4-SIDE_LEFT.jpg 396,112,417,131,0 409,125,451,156,0 525,115,550,131,0 619,102,710,172,0 686,60,800,204,0 
datapath/train/tr08-19-3-1-FRONT.jpg 0,398,350,533,0 508,358,800,533,0 
datapath/train/tr03-18-12-2-FRONT_LEFT.jpg 708,273,723,313,1 731,273,743,313,1 453,295,628,388,0 703,274,713,314,1 774,268,800,294,0 190,320,450,428,0 272,307,381,444,3 780,273,796,313,1 726,270,741,315,1 718,267,795,299,0 
datapath/train/tr06-13-18-5-SIDE_RIGHT.jpg 0,292,800,369,0 
datapath/train/tr14-18-7-1-FRONT.jpg 296,261,312,316,1 483,250,492,270,1 627,242,633,248,0 487,247,525,259,0 697,247,700,265,1 572,243,578,251,1 472,255,475,264,0 640,253,670,278,0 609,244,617,250,0 703,245,712,266,1 551,247,559,264,1 610,250,631,270,0 640,245,649,252,0 626,247,635,258,1 635,252,658,269,0 599,246,605,253,0 568,265,643,316,0 320,250,338,300,1 27,248,52,344,1 725,248,735,272,1 119,233,137,279,1 629,240,635,244,0 700,247,708,265,1 568,250,587,271,0 473,286,592,388,0 657,247,660,255,1 22,263,68,364,1 662,251,695,265,0 561,247,570,264,1 602,246,612,252,0 618,242,628,252,0 719,250,722,261,1 580,253,623,268,0 632,245,641,253,0 725,247,734,256,1 628,250,672,265,0 652,259,698,292,0 729,245,738,266,1 128,242,145,282,1 
datapath/train/tr06-18-18-2-FRONT_LEFT.jpg 709,304,800,367,0 1,324,265,437,0 
datapath/train/tr28-23-12-3-FRONT_RIGHT.jpg 654,253,707,284,0 308,253,495,339,0 288,289,314,320,1 190,248,230,262,0 796,262,800,275,0 674,260,740,286,0 208,285,237,325,1 152,256,307,313,0 
datapath/train/tr12-2-6-2-FRONT_LEFT.jpg 712,310,800,413,0 411,320,728,505,0 
datapath/train/tr18-10-15-3-FRONT_RIGHT.jpg 330,270,372,387,1 45,373,605,533,0 
datapath/train/tr30-23-16-4-SIDE_LEFT.jpg 0,138,147,264,0 115,121,330,235,0 
datapath/train/tr25-1-7-2-FRONT_LEFT.jpg 616,280,633,298,1 774,278,799,289,0 405,310,655,392,0 187,299,209,346,1 200,302,222,345,1 435,296,462,328,1 415,300,433,334,1 0,327,132,464,0 751,288,764,301,0 26,301,48,338,1 46,302,59,336,1 356,300,378,360,1 697,285,708,296,1 710,291,757,327,0 645,292,722,340,0 740,284,800,337,0 605,286,618,299,1 
datapath/train/tr20-11-20-2-FRONT_LEFT.jpg 720,266,800,355,0 
datapath/train/tr23-12-5-3-FRONT_RIGHT.jpg 307,293,800,533,0 733,256,800,298,0 109,290,133,308,0 
datapath/train/tr00-12-19-1-FRONT.jpg 251,268,268,280,0 439,270,450,280,0 110,262,154,292,0 277,280,317,312,0 380,270,386,278,0 352,271,355,273,0 391,257,416,288,0 272,274,276,278,0 0,294,75,338,0 323,271,331,275,0 680,264,732,284,0 92,278,109,285,0 0,281,34,300,0 355,252,385,287,0 148,265,204,290,0 320,276,340,289,0 327,269,332,274,0 304,271,309,273,0 57,282,95,296,0 389,271,392,277,0 42,280,65,296,0 286,272,295,278,0 338,277,365,298,0 246,277,261,283,0 343,272,350,275,0 388,271,393,278,0 591,276,600,281,0 334,272,340,274,0 426,270,435,278,0 416,270,418,276,0 240,275,248,282,0 316,273,318,276,0 212,275,230,285,0 274,272,286,279,0 294,274,300,278,0 302,272,309,278,0 
datapath/train/tr13-11-12-4-SIDE_LEFT.jpg 419,127,534,195,0 582,95,628,128,0 590,65,592,71,0 318,148,452,227,0 492,107,562,170,0 594,70,617,84,0 650,215,800,345,0 572,67,575,72,0 377,90,434,126,0 125,112,245,167,0 0,119,84,196,0 310,94,383,136,0 441,64,462,85,0 
datapath/train/tr10-20-8-5-SIDE_RIGHT.jpg 348,81,354,105,1 378,84,418,111,0 774,96,800,118,0 268,88,356,133,0 
datapath/train/tr01-21-5-1-FRONT.jpg 347,156,369,176,0 302,177,315,193,0 226,207,275,246,0 414,202,452,233,0 450,250,526,310,0 390,178,399,191,0 323,165,337,176,0 395,182,421,201,0 285,255,326,316,1 275,182,309,212,0 404,189,435,218,0 458,187,474,206,0 298,160,303,167,0 383,175,396,185,0 444,174,466,186,0 428,228,497,281,0 182,224,249,280,0 392,176,417,196,0 301,183,314,205,0 308,168,328,184,0 399,186,422,207,0 
datapath/train/tr06-12-1-4-SIDE_LEFT.jpg 120,159,456,272,0 0,169,48,238,0 0,210,76,362,0 521,140,800,270,0 
datapath/train/tr14-23-4-1-FRONT.jpg 182,294,225,320,0 55,293,138,334,0 276,294,293,326,0 200,299,285,343,0 136,295,184,324,0 120,293,152,370,1 100,292,131,364,1 244,292,278,311,0 0,298,57,346,0 
datapath/train/tr10-10-17-4-SIDE_LEFT.jpg 0,139,114,232,0 458,129,800,369,0 
datapath/train/tr12-18-18-1-FRONT.jpg 442,275,450,279,0 425,280,438,288,0 412,265,421,275,0 412,272,422,281,0 412,273,421,280,0 353,275,367,281,0 423,276,429,282,0 401,271,408,272,0 389,274,398,280,0 365,279,413,322,0 378,275,396,282,0 404,282,423,298,0 430,274,440,284,0 284,284,332,320,0 398,273,413,281,0 437,270,443,275,0 378,275,398,282,0 523,281,540,301,0 
datapath/train/tr10-20-17-1-FRONT.jpg 377,289,382,294,0 346,290,363,303,0 329,289,332,292,0 393,290,400,296,0 382,289,389,295,0 397,290,402,295,0 
datapath/train/tr26-16-3-1-FRONT.jpg 349,250,355,255,0 499,262,560,286,0 269,249,280,255,0 48,252,106,282,0 42,252,77,276,0 342,249,348,260,0 280,248,294,260,0 417,252,429,262,0 164,252,195,276,0 352,248,365,259,0 121,252,171,281,0 292,249,302,258,0 534,248,605,278,0 413,252,420,260,0 387,249,402,260,0 298,248,313,260,0 331,248,344,260,0 198,252,232,272,0 272,252,290,267,0 
datapath/train/tr24-15-2-4-SIDE_LEFT.jpg 69,125,96,141,0 334,215,797,369,0 
datapath/train/tr17-22-15-1-FRONT.jpg 327,264,341,275,0 370,262,411,279,0 343,265,355,274,0 301,257,318,267,0 146,274,201,295,0 336,278,386,321,0 333,275,370,312,0 
datapath/train/tr07-8-9-3-FRONT_RIGHT.jpg 269,235,334,275,0 0,255,90,360,0 
datapath/train/tr10-6-4-1-FRONT.jpg 136,262,148,299,1 685,250,705,303,1 190,266,194,287,1 607,250,619,280,1 643,248,657,286,1 567,246,573,273,1 297,260,307,281,1 235,258,268,278,0 507,249,515,270,1 331,250,338,268,1 508,247,514,254,1 619,247,638,287,1 784,255,800,315,1 3,275,29,326,1 237,257,244,280,1 510,252,535,268,0 518,250,522,258,1 332,152,512,364,0 511,245,525,270,1 18,293,226,437,0 600,246,617,288,1 
datapath/train/tr15-22-17-4-SIDE_LEFT.jpg 723,232,800,369,0 0,299,295,369,0 
datapath/train/tr12-11-14-1-FRONT.jpg 628,265,715,296,0 355,270,365,275,0 347,268,355,275,0 429,269,443,274,0 670,302,799,379,0 405,270,408,274,0 444,271,494,313,0 396,269,402,274,0 324,271,337,278,0 378,278,410,303,0 364,268,371,275,0 407,268,414,275,0 420,269,427,274,0 423,272,442,288,0 
datapath/train/tr11-8-11-1-FRONT.jpg 15,270,38,285,0 295,265,303,278,0 330,263,343,277,0 76,270,113,285,0 36,268,61,286,0 343,257,365,278,0 45,274,77,287,0 546,257,550,268,0 169,268,223,307,0 362,226,435,312,0 260,263,302,298,0 308,260,328,278,0 334,258,345,266,0 117,272,130,278,0 
datapath/train/tr25-2-6-1-FRONT.jpg 96,287,168,319,0 423,329,610,411,0 425,315,450,360,1 257,303,353,345,0 52,292,74,314,0 340,308,440,362,0 0,362,98,520,0 602,354,800,525,0 
datapath/train/tr18-22-14-2-FRONT_LEFT.jpg 744,278,757,285,0 274,281,307,292,0 0,352,72,465,0 65,369,793,533,0 205,322,592,444,0 482,281,545,304,0 674,303,800,395,0 713,275,724,278,0 695,296,791,323,0 763,278,776,285,0 
datapath/train/tr27-17-13-1-FRONT.jpg 466,278,510,325,0 158,275,170,278,0 727,382,799,488,0 128,277,208,323,0 461,271,479,305,1 488,278,575,345,0 220,260,260,299,0 338,265,389,288,0 240,259,274,295,0 386,218,452,308,0 200,272,242,306,0 
datapath/train/tr11-4-12-1-FRONT.jpg 0,295,76,368,0 164,281,281,332,0 
datapath/train/tr29-13-1-4-SIDE_LEFT.jpg 0,362,288,369,0 192,67,249,182,1 
datapath/train/tr02-7-5-1-FRONT.jpg 347,265,353,271,0 428,266,448,282,0 353,265,355,268,0 426,270,428,274,0 267,268,273,272,0 354,265,360,270,0 411,272,437,290,0 405,267,411,272,0 465,296,682,375,0 364,265,371,271,0 416,268,430,274,0 63,270,98,287,0 522,268,529,270,0 664,270,697,280,0 560,268,567,275,0 
datapath/train/tr02-17-8-4-SIDE_LEFT.jpg 461,124,497,138,0 458,130,462,135,0 580,122,586,139,1 472,126,505,138,0 504,131,515,158,1 361,117,368,131,0 530,122,536,139,1 566,123,572,141,1 517,129,528,146,1 633,135,644,160,1 548,121,555,144,1 652,135,658,161,1 755,121,760,134,1 390,126,400,149,1 631,122,638,138,1 734,118,738,127,1 470,122,475,126,1 622,125,632,147,1 749,120,757,133,1 602,128,613,141,1 397,115,414,134,0 605,123,611,134,1 550,122,556,140,1 442,125,453,151,1 550,122,555,136,1 421,123,426,136,1 722,120,728,133,1 339,126,344,137,1 467,125,489,138,0 340,134,347,160,1 441,125,447,138,1 410,114,426,135,0 549,139,638,168,0 500,121,505,132,1 339,118,345,127,0 
datapath/train/tr12-18-2-1-FRONT.jpg 380,281,393,291,0 358,271,366,275,0 371,278,380,287,0 344,278,350,282,0 381,282,441,332,0 422,275,426,282,1 387,282,400,300,0 267,284,270,288,0 378,279,389,290,0 102,288,126,305,0 282,287,335,328,0 358,277,374,292,0 433,278,438,290,1 343,279,369,298,0 
datapath/train/tr13-22-1-3-FRONT_RIGHT.jpg 78,187,439,327,0 48,280,89,391,1 0,260,30,402,1 
datapath/train/tr08-7-20-2-FRONT_LEFT.jpg 744,290,800,310,0 744,320,800,410,0 633,288,800,345,0 
datapath/train/tr18-7-6-1-FRONT.jpg 420,257,440,276,0 206,260,302,350,0 458,248,612,352,0 580,347,800,533,0 405,253,426,270,0 291,256,346,302,0 448,254,487,312,0 372,242,383,251,0 347,260,359,286,0 441,273,455,302,0 405,245,426,259,0 428,262,449,291,0 115,287,275,391,0 357,248,368,289,1 315,243,352,290,0 414,261,423,275,0 409,256,422,267,0 0,338,126,533,0 285,266,330,312,0 490,270,694,415,0 
datapath/train/tr10-21-3-1-FRONT.jpg 470,272,484,284,0 296,264,367,284,0 686,302,800,381,0 342,285,403,318,0 399,282,427,310,0 653,305,713,361,0 720,312,800,409,0 748,335,800,493,0 448,276,458,286,0 497,272,507,281,0 382,268,389,276,1 490,274,500,282,0 466,272,472,287,1 616,275,621,280,1 518,272,524,280,0 40,292,232,379,0 148,293,271,359,0 608,286,624,316,0 589,284,628,313,0 192,289,315,343,0 567,280,573,294,0 430,273,452,290,0 586,280,631,302,0 424,269,455,286,0 396,278,415,288,0 337,275,410,308,0 470,271,491,283,0 218,276,355,332,0 605,282,725,336,0 340,291,371,325,0 406,273,445,291,0 527,278,564,310,0 451,271,465,284,0 447,269,480,288,0 510,272,519,281,0 633,299,727,348,0 552,275,567,285,0 307,269,326,274,0 569,276,593,299,0 0,293,62,415,0 498,270,508,280,0 467,271,486,282,0 
datapath/train/tr15-17-5-5-SIDE_RIGHT.jpg 51,132,130,342,1 418,100,476,192,1 
datapath/train/tr25-20-17-5-SIDE_RIGHT.jpg 595,164,668,343,1 294,90,370,145,0 372,74,378,84,0 548,101,642,357,1 168,71,182,92,1 483,100,585,322,1 188,75,197,100,1 441,75,465,133,1 215,79,250,90,0 479,162,587,369,1 349,81,380,112,0 448,68,452,78,1 352,68,363,79,0 316,71,320,85,0 299,68,317,88,0 148,66,160,95,1 282,70,309,83,0 442,66,447,80,1 335,70,350,82,0 210,69,214,86,1 261,72,282,88,0 268,75,310,100,0 243,76,270,98,0 183,85,274,135,0 516,139,662,369,1 
datapath/train/tr05-23-9-4-SIDE_LEFT.jpg 200,140,225,152,0 646,114,679,125,0 0,42,259,152,0 682,0,800,369,0 740,92,749,120,0 642,106,652,116,0 607,100,625,107,0 714,112,732,118,0 700,112,732,125,0 525,104,711,160,0 587,103,598,109,0 628,102,635,106,1 
datapath/train/tr30-1-19-4-SIDE_LEFT.jpg 45,88,247,164,0 267,89,496,182,0 225,82,238,102,1 474,94,579,148,0 602,99,672,129,0 564,88,800,209,0 
datapath/train/tr25-4-9-5-SIDE_RIGHT.jpg 532,171,650,345,1 11,68,28,105,1 7,82,15,101,1 55,78,82,125,0 0,72,3,94,1 18,68,40,107,0 434,177,493,247,1 399,142,465,294,1 0,275,695,369,0 
datapath/train/tr06-19-4-2-FRONT_LEFT.jpg 0,258,511,384,0 
datapath/train/tr10-11-5-5-SIDE_RIGHT.jpg 389,206,800,369,0 
datapath/train/tr24-7-1-1-FRONT.jpg 434,280,439,290,1 380,298,423,323,0 221,284,242,298,0 5,311,30,367,1 618,243,688,304,0 340,320,458,387,0 492,290,500,305,1 447,270,472,296,0 492,291,500,309,1 470,283,478,305,1 509,286,519,310,1 486,285,493,307,1 189,288,202,296,0 481,284,494,310,1 262,278,292,291,0 304,357,538,533,0 761,287,772,320,1 263,282,271,296,1 339,286,357,298,0 768,281,781,324,1 490,285,500,307,1 326,285,340,297,0 297,283,307,293,3 285,284,291,296,1 475,288,482,306,1 400,281,418,297,0 488,283,496,294,1 398,294,433,306,0 387,303,457,360,0 205,287,222,295,0 466,286,477,307,1 662,283,682,321,3 588,254,626,297,0 537,282,585,336,0 705,281,715,307,1 440,287,450,318,1 359,281,389,300,0 775,292,788,325,1 578,287,588,319,1 744,232,800,366,0 411,282,438,296,0 388,284,407,301,0 403,287,441,307,0 
datapath/train/tr20-7-11-4-SIDE_LEFT.jpg 770,139,800,164,0 692,130,744,168,0 0,239,443,369,0 391,130,408,139,0 764,147,800,211,0 453,126,478,142,0 550,137,615,172,0 411,124,441,144,0 629,124,715,172,0 602,126,630,155,0 568,127,607,146,0 454,128,495,150,0 0,175,370,340,0 
datapath/train/tr01-4-8-1-FRONT.jpg 158,280,229,332,0 466,290,518,333,0 512,311,607,370,0 484,292,558,350,0 
datapath/train/tr08-22-4-1-FRONT.jpg 256,289,260,295,1 412,300,518,370,0 260,291,264,301,1 0,307,46,353,0 331,291,347,304,0 415,287,440,301,0 326,280,335,286,0 40,318,162,392,0 412,277,440,285,0 205,287,225,296,0 343,285,379,317,0 156,306,214,348,0 403,289,406,298,1 564,290,697,329,0 528,276,642,325,0 405,281,440,301,0 292,283,302,290,0 134,285,221,312,0 281,282,302,292,0 392,286,410,303,0 298,280,313,286,0 
datapath/train/tr19-17-13-5-SIDE_RIGHT.jpg 615,193,800,369,0 
datapath/train/tr04-6-13-5-SIDE_RIGHT.jpg 462,74,483,89,0 674,82,718,102,0 442,78,468,96,0 180,72,194,82,0 534,82,565,111,0 618,73,679,98,0 485,82,544,128,0 386,74,403,84,0 745,82,778,112,0 561,88,625,131,0 284,74,306,89,0 465,80,504,112,0 769,80,800,117,0 135,71,157,83,0 351,76,373,94,0 372,70,374,72,1 364,72,370,78,1 373,81,408,108,0 238,71,259,85,0 111,65,133,78,0 257,73,275,81,0 349,69,368,85,0 328,74,350,92,0 415,75,438,95,0 310,68,335,88,0 202,69,242,95,0 485,77,505,89,0 185,73,208,88,0 227,77,299,102,0 230,68,238,76,0 
datapath/train/tr12-16-7-1-FRONT.jpg 304,277,312,282,0 615,278,642,342,1 388,273,403,280,0 319,272,326,280,0 500,277,537,312,3 426,270,435,278,0 327,275,334,280,0 336,274,343,280,0 612,271,625,295,3 501,283,518,316,3 463,271,470,277,0 421,273,425,278,0 137,280,161,294,0 494,272,520,318,3 
datapath/train/tr25-6-16-4-SIDE_LEFT.jpg 267,251,800,369,0 
datapath/train/tr23-12-20-3-FRONT_RIGHT.jpg 798,255,800,262,0 
datapath/train/tr15-4-19-5-SIDE_RIGHT.jpg 475,98,484,140,0 2,118,122,180,0 455,104,484,140,0 503,103,720,170,0 174,115,196,149,0 514,121,753,188,0 0,124,68,196,0 455,96,484,122,0 457,102,483,116,0 229,101,295,127,0 499,96,590,140,0 437,99,444,119,0 171,105,222,138,0 174,107,215,143,0 277,101,295,120,0 442,95,466,125,0 225,102,258,127,0 195,102,257,130,0 
datapath/train/tr20-20-1-5-SIDE_RIGHT.jpg 0,114,36,134,0 0,132,86,223,0 115,123,127,141,0 29,113,68,135,0 44,122,127,191,0 
datapath/train/tr00-5-2-3-FRONT_RIGHT.jpg 132,273,155,284,0 143,275,148,288,1 107,269,116,276,0 242,271,247,277,0 286,285,322,320,0 234,270,238,274,0 124,275,150,285,0 93,268,107,276,0 475,291,490,300,0 249,292,274,308,0 494,290,505,299,0 269,296,310,326,0 348,288,351,298,1 85,272,91,281,0 416,292,435,301,0 748,295,775,316,0 206,285,227,300,0 373,290,410,305,0 210,269,218,275,0 381,295,424,330,0 125,270,132,275,0 395,302,433,333,0 94,271,108,278,0 132,273,158,282,0 168,290,213,320,0 474,284,504,295,0 521,288,551,305,0 432,280,478,296,0 0,290,68,331,0 346,288,350,300,1 180,271,189,277,0 214,270,240,300,0 62,288,109,307,0 358,290,384,303,0 124,269,128,280,1 618,288,629,312,0 418,288,428,294,0 246,271,255,277,0 0,267,25,305,0 202,292,227,312,0 547,290,555,302,1 60,274,89,285,0 551,291,568,302,0 192,278,200,290,1 238,269,246,276,0 247,273,260,282,0 85,278,115,290,0 107,283,157,319,0 172,271,179,276,0 401,289,421,300,0 335,285,341,301,1 433,290,449,299,0 452,288,474,298,0 143,272,156,277,0 62,292,122,324,0 414,296,427,302,0 418,303,476,343,0 82,283,88,290,1 286,272,289,280,1 275,276,288,287,0 148,291,172,313,0 145,270,159,277,0 209,299,272,339,0 96,272,104,280,0 88,271,101,280,0 190,271,200,276,0 30,284,64,300,0 89,272,96,280,0 339,285,345,300,1 238,295,269,314,0 
datapath/train/tr00-5-15-1-FRONT.jpg 616,275,630,286,0 260,257,279,274,0 90,257,121,268,0 379,262,389,272,1 485,265,510,276,0 172,249,182,252,0 646,269,657,275,0 130,254,134,265,1 161,257,183,276,0 414,270,450,286,0 63,261,104,276,0 9,258,42,273,0 0,295,34,322,0 513,269,539,284,0 187,265,219,290,0 318,274,358,312,0 98,253,130,267,0 609,268,617,284,0 232,292,315,352,0 22,288,93,320,0 582,266,616,290,0 724,264,765,297,0 660,258,703,282,0 2,280,82,311,0 0,315,192,527,0 324,265,333,280,1 133,270,168,291,0 538,263,569,283,0 588,265,603,274,0 347,299,443,332,0 167,252,171,256,0 504,251,545,272,0 153,247,165,257,0 566,266,573,271,0 0,284,10,296,0 67,287,188,355,0 703,264,729,272,0 188,249,194,261,0 629,288,800,390,0 86,251,100,262,0 60,253,85,266,0 178,248,187,258,0 100,249,110,255,0 516,280,605,314,0 281,245,286,257,1 48,255,57,265,0 159,288,225,338,0 171,251,184,262,0 136,249,140,260,1 717,262,725,273,1 237,249,240,255,0 238,247,246,254,0 102,252,131,262,0 556,258,581,270,0 24,255,50,268,0 568,268,586,282,0 446,270,508,300,0 189,247,236,287,0 59,254,66,260,0 789,370,800,392,0 264,283,322,333,0 171,249,180,252,0 498,272,531,290,0 299,325,479,473,0 59,250,78,254,0 344,266,425,329,0 241,248,252,257,0 58,252,73,257,0 76,250,89,258,0 234,272,320,302,0 
